2623 0.00 0.00 1.00
2624 0.00 0.00 1.00
2625 0.00 0.00 1.00
2626 0.00 0.00 1.00
2627 0.00 0.00 1.00
2628 0.00 0.00 1.00
2629 0.00 0.00 1.00
2630 0.00 0.00 1.00
2631 0.00 0.00 1.00
2632 0.00 0.00 1.00
2633 0.00 0.00 1.00
2634 0.00 0.00 1.00
2635 0.00 0.00 1.00
2636 0.00 0.00 1.00
2637 0.00 0.00 1.00
2638 0.00 0.00 1.00
2639 0.00 0.00 1.00
2640 0.00 0.00 1.00
2641 0.00 0.00 1.00
2642 0.00 0.00 1.00
2643 0.00 0.00 1.00
2644 0.00 0.00 1.00
2645 0.00 0.00 1.00
2646 0.00 0.00 1.00
2647 0.00 0.00 1.00
2648 0.00 0.00 1.00
2649 0.00 0.00 1.00
2650 0.00 0.00 1.00
2651 0.00 0.00 1.00
2652 0.00 0.00 1.00
2653 0.00 0.00 1.00
2654 0.00 0.00 1.00
2655 0.00 0.00 1.00
2656 0.00 0.00 1.00
2657 0.00 0.00 1.00
2658 0.00 0.00 1.00
2659 0.00 0.00 1.00
2660 0.00 0.00 1.00
2661 0.00 0.00 1.00
2662 0.00 0.00 1.00
2663 0.00 0.00 1.00
2664 0.00 0.00 1.00
2665 0.00 0.00 1.00
2666 0.00 0.00 1.00
2667 0.00 0.00 1.00
2668 0.00 0.00 1.00
2669 0.00 0.00 1.00
2670 0.00 0.00 1.00
2671 0.00 0.00 1.00
2672 0.00 0.00 1.00
2673 0.00 0.00 1.00
2674 0.00 0.00 1.00
2675 0.00 0.00 1.00
2676 0.00 0.00 1.00
2677 0.00 0.00 1.00
2678 0.00 0.00 1.00
2679 0.00 0.00 1.00
2680 0.00 0.00 1.00
2681 0.00 0.00 1.00
2682 0.00 0.00 1.00
2683 0.00 0.00 1.00
2684 0.00 0.00 1.00
2685 0.00 0.00 1.00
2686 0.00 0.00 1.00
2687 0.00 0.00 1.00
2688 0.00 0.00 1.00
2689 0.00 0.00 1.00
2690 0.00 0.00 1.00
2691 0.00 0.00 1.00
2692 0.00 0.00 1.00
2693 0.00 0.00 1.00
2694 0.00 0.00 1.00
2695 0.00 0.00 1.00
2696 0.00 0.00 1.00
2697 0.00 0.00 1.00
2698 0.00 0.00 1.00
2699 0.00 0.00 1.00
2700 0.00 0.00 1.00
2701 0.00 0.00 1.00
2702 0.00 0.00 1.00
2703 0.00 0.00 1.00
2704 0.00 0.00 1.00
2705 0.00 0.00 1.00
2706 0.00 0.00 1.00
2707 0.00 0.00 1.00
2708 0.00 0.00 1.00
2709 0.00 0.00 1.00
2710 0.00 0.00 1.00
2711 0.00 0.00 1.00
2712 0.00 0.00 1.00
2713 0.00 0.00 1.00
2714 0.00 0.00 1.00
2715 0.00 0.00 1.00
2716 0.00 0.00 1.00
2717 0.00 0.00 1.00
2718 0.00 0.00 1.00
2719 0.00 0.00 1.00
2720 0.00 0.00 1.00
2721 0.00 0.00 1.00
2722 0.00 0.00 1.00
2723 0.00 0.00 1.00
2724 0.00 0.00 1.00
2725 0.00 0.00 1.00
2726 0.00 0.00 1.00
2727 0.00 0.00 1.00
2728 0.00 0.00 1.00
2729 0.00 0.00 1.00
2730 0.00 0.00 1.00
2731 0.00 0.00 1.00
2732 0.00 0.00 1.00
2733 0.00 0.00 1.00
2734 0.00 0.00 1.00
2735 0.00 0.00 1.00
2736 0.00 0.00 1.00
2737 0.00 0.00 1.00
2738 0.00 0.00 1.00
2739 0.00 0.00 1.00
2740 0.00 0.00 1.00
2741 0.00 0.00 1.00
2742 0.00 0.00 1.00
2743 0.00 0.00 1.00
2744 0.00 0.00 1.00
2745 0.00 0.00 1.00
2746 0.00 0.00 1.00
2747 0.00 0.00 1.00
2748 0.00 0.00 1.00
2749 0.00 0.00 1.00
2750 0.00 0.00 1.00
2751 0.00 0.00 1.00
2752 0.00 0.00 1.00
2753 0.00 0.00 1.00
2754 0.00 0.00 1.00
2755 0.00 0.00 1.00
2756 0.00 0.00 1.00
2757 0.00 0.00 1.00
2758 0.00 0.00 1.00
2759 0.00 0.00 1.00
2760 0.00 0.00 1.00
2761 0.00 0.00 1.00
2762 0.00 0.00 1.00
2763 0.00 0.00 1.00
2764 0.00 0.00 1.00
2765 0.00 0.00 1.00
2766 0.00 0.00 1.00
2767 0.00 0.00 1.00
2768 0.00 0.00 1.00
2769 0.00 0.00 1.00
2770 0.00 0.00 1.00
2771 0.00 0.00 1.00
2772 0.00 0.00 1.00
2773 0.00 0.00 1.00
2774 0.00 0.00 1.00
2775 0.00 0.00 1.00
2776 0.00 0.00 1.00
2777 0.00 0.00 1.00
2778 0.00 0.00 1.00
2779 0.00 0.00 1.00
2780 0.00 0.00 1.00
2781 0.00 0.00 1.00
2782 0.00 0.00 1.00
2783 0.00 0.00 1.00
2784 0.00 0.00 1.00
2785 0.00 0.00 1.00
2786 0.00 0.00 1.00
2787 0.00 0.00 1.00
2788 0.00 0.00 1.00
2789 0.00 0.00 1.00
2790 0.00 0.00 1.00
2791 0.00 0.00 1.00
2792 0.00 0.00 1.00
2793 0.00 0.00 1.00
2794 0.00 0.00 1.00
2795 0.00 0.00 1.00
2796 0.00 0.00 1.00
2797 0.00 0.00 1.00
2798 0.00 0.00 1.00
2799 0.00 0.00 1.00
2800 0.00 0.00 1.00
2801 0.00 0.00 1.00
2802 0.00 0.00 1.00
2803 0.00 0.00 1.00
2804 0.00 0.00 1.00
2805 0.00 0.00 1.00
2806 0.00 0.23 1.00
2807 0.00 0.32 0.99
2808 0.00 0.38 0.99
2809 0.00 0.44 0.99
2810 0.00 0.52 0.99
2811 0.00 0.59 0.99
2812 0.00 0.67 0.99
2813 0.18 0.75 0.98
2814 0.21 0.84 0.98
2815 0.23 0.93 0.98
2816 0.25 1.02 0.98
2817 0.28 1.13 0.98
2818 0.30 1.23 0.98
2819 0.33 1.33 0.97
2820 0.36 1.45 0.97
2821 0.39 1.57 0.97
2822 0.41 1.68 0.97
2823 0.45 1.81 0.96
2824 0.48 1.94 0.96
2825 0.51 2.07 0.96
2826 0.55 2.21 0.96
2827 0.59 2.36 0.95
2828 0.62 2.50 0.95
2829 0.66 2.66 0.95
2830 0.70 2.82 0.94
2831 0.74 2.99 0.94
2832 0.78 3.14 0.94
2833 0.82 3.31 0.93
2834 0.87 3.49 0.93
2835 0.91 3.65 0.93
2836 0.95 3.83 0.92
2837 1.00 4.03 0.92
2838 1.05 4.24 0.92
2839 1.10 4.42 0.91
2840 1.15 4.62 0.91
2841 1.20 4.82 0.90
2842 1.24 5.02 0.90
2843 1.30 5.22 0.90
2844 1.35 5.44 0.89
2845 1.40 5.64 0.89
2846 1.45 5.84 0.88
2847 1.51 6.08 0.88
2848 1.57 6.31 0.87
2849 1.62 6.52 0.87
2850 1.68 6.76 0.86
2851 1.74 7.00 0.86
2852 1.79 7.22 0.86
2853 1.86 7.48 0.85
2854 1.92 7.74 0.85
2855 1.98 7.98 0.84
2856 2.04 8.22 0.84
2857 2.11 8.50 0.83
2858 2.18 8.78 0.82
2859 2.24 9.03 0.82
2860 2.31 9.31 0.81
2861 2.38 9.59 0.81
2862 2.45 9.85 0.80
2863 2.51 10.11 0.80
2864 2.58 10.40 0.79
2865 2.65 10.67 0.79
2866 2.73 10.97 0.78
2867 2.80 11.28 0.77
2868 2.88 11.59 0.77
2869 2.95 11.88 0.76
2870 3.03 12.19 0.76
2871 3.11 12.52 0.75
2872 3.20 12.85 0.74
2873 3.27 13.14 0.74
2874 3.34 13.45 0.73
2875 3.43 13.78 0.72
2876 3.50 14.08 0.72
2877 3.58 14.40 0.71
2878 3.67 14.75 0.70
2879 3.75 15.08 0.70
2880 3.83 15.39 0.69
2881 3.91 15.73 0.69
2882 4.00 16.08 0.68
2883 4.08 16.38 0.67
2884 4.16 16.73 0.67
2885 4.25 17.07 0.66
2886 4.34 17.42 0.65
2887 4.42 17.74 0.65
2888 4.51 18.11 0.64
2889 4.60 18.48 0.63
2890 4.69 18.83 0.62
2891 4.78 19.18 0.62
2892 4.87 19.55 0.61
2893 4.96 19.93 0.60
2894 5.05 20.28 0.59
2895 5.15 20.66 0.59
2896 5.24 21.04 0.58
2897 5.32 21.38 0.57
2898 5.41 21.73 0.57
2899 5.51 22.12 0.56
2900 5.60 22.48 0.55
2901 5.70 22.89 0.54
2902 5.80 23.29 0.53
2903 5.91 23.70 0.53
2904 6.00 24.08 0.52
2905 6.10 24.48 0.51
2906 6.20 24.88 0.50
2907 6.30 25.29 0.49
2908 6.40 25.67 0.49
2909 6.50 26.06 0.48
2910 6.60 26.49 0.47
2911 6.70 26.87 0.46
2912 6.80 27.28 0.45
2913 6.91 27.71 0.45
2914 7.02 28.13 0.44
2915 7.11 28.52 0.43
2916 7.21 28.91 0.42
2917 7.32 29.33 0.41
2918 7.42 29.76 0.40
2919 7.52 30.16 0.40
2920 7.63 30.60 0.39
2921 7.74 31.04 0.38
2922 7.84 31.44 0.37
2923 7.95 31.85 0.36
2924 8.06 32.29 0.35
2925 8.17 32.72 0.35
2926 8.27 33.13 0.34
2927 8.38 33.56 0.33
2928 8.49 34.01 0.32
2929 8.61 34.48 0.31
2930 8.71 34.91 0.30
2931 8.82 35.35 0.29
2932 8.95 35.84 0.28
2933 9.06 36.31 0.27
2934 9.17 36.74 0.27
2935 9.28 37.18 0.26
2936 9.40 37.64 0.25
2937 9.51 38.09 0.24
2938 9.62 38.51 0.23
2939 9.74 38.98 0.22
2940 9.85 39.43 0.21
2941 9.95 39.84 0.20
2942 10.05 40.25 0.20
2943 10.16 40.69 0.19
2944 10.27 41.12 0.18
2945 10.37 41.53 0.17
2946 10.49 41.97 0.16
2947 10.60 42.41 0.15
2948 10.70 42.82 0.14
2949 10.81 43.28 0.13
2950 10.92 43.71 0.13
2951 11.02 44.12 0.12
2952 11.13 44.54 0.11
2953 11.24 44.99 0.10
2954 11.34 45.39 0.09
2955 11.45 45.81 0.08
2956 11.56 46.25 0.07
2957 11.66 46.66 0.07
2958 11.77 47.10 0.06
2959 11.89 47.57 0.05
2960 12.00 48.00 0.04
2961 12.10 48.41 0.03
2962 12.21 48.86 0.02
2963 12.33 49.30 0.01
2964 12.43 49.71 0.01
2965 12.54 50.14 0.00
2966 12.65 50.59 0.01
2967 12.75 51.00 0.02
2968 12.86 51.42 0.03
2969 12.97 51.89 0.04
2970 13.09 52.33 0.05
2971 13.19 52.74 0.05
2972 13.30 53.18 0.06
2973 13.42 53.66 0.07
2974 13.52 54.07 0.08
2975 13.63 54.51 0.09
2976 13.75 54.96 0.10
2977 13.85 55.37 0.11
2978 13.95 55.78 0.12
2979 14.07 56.24 0.12
2980 14.18 56.68 0.13
2981 14.28 57.09 0.14
2982 14.39 57.53 0.15
2983 14.50 57.97 0.16
2984 14.60 58.38 0.17
2985 14.71 58.81 0.18
2986 14.82 59.25 0.19
2987 14.92 59.65 0.19
2988 15.03 60.08 0.20
2989 15.14 60.54 0.21
2990 15.25 60.94 0.22
2991 15.35 61.35 0.23
2992 15.46 61.79 0.24
2993 15.56 62.18 0.24
2994 15.67 62.61 0.25
2995 15.77 63.04 0.26
2996 15.88 63.48 0.27
2997 15.98 63.87 0.28
2998 16.09 64.29 0.29
2999 16.20 64.74 0.29
3000 16.30 65.13 0.30
3001 16.40 65.54 0.31
3002 16.51 65.97 0.32
3003 16.61 66.36 0.33
3004 16.70 66.76 0.34
3005 16.81 67.17 0.34
3006 16.91 67.56 0.35
3007 17.01 67.99 0.36
3008 17.12 68.41 0.37
3009 17.23 68.84 0.38
3010 17.32 69.22 0.38
3011 17.42 69.63 0.39
3012 17.53 70.04 0.40
3013 17.62 70.41 0.41
3014 17.72 70.81 0.42
3015 17.82 71.21 0.42
3016 17.91 71.58 0.43
3017 18.01 71.97 0.44
3018 18.11 72.37 0.45
3019 18.20 72.73 0.45
3020 18.30 73.11 0.46
3021 18.40 73.53 0.47
3022 18.50 73.92 0.48
3023 18.59 74.29 0.49
3024 18.69 74.68 0.49
3025 18.79 75.07 0.50
3026 18.88 75.43 0.51
3027 18.97 75.82 0.52
3028 19.07 76.22 0.52
3029 19.16 76.57 0.53
3030 19.25 76.94 0.54
3031 19.35 77.34 0.55
3032 19.44 77.68 0.55
3033 19.53 78.06 0.56
3034 19.63 78.44 0.57
3035 19.72 78.81 0.58
3036 19.81 79.15 0.58
3037 19.90 79.53 0.59
3038 19.99 79.90 0.60
3039 20.08 80.24 0.60
3040 20.17 80.59 0.61
3041 20.26 80.97 0.62
3042 20.34 81.30 0.63
3043 20.43 81.66 0.63
3044 20.53 82.03 0.64
3045 20.62 82.39 0.65
3046 20.70 82.73 0.65
3047 20.78 83.07 0.66
3048 20.87 83.42 0.67
3049 20.96 83.76 0.68
3050 21.05 84.12 0.68
3051 21.14 84.50 0.69
3052 21.23 84.86 0.70
3053 21.32 85.20 0.70
3054 21.40 85.52 0.71
3055 21.48 85.85 0.72
3056 21.56 86.19 0.72
3057 21.64 86.50 0.73
3058 21.72 86.80 0.74
3059 21.80 87.14 0.74
3060 21.88 87.47 0.75
3061 21.96 87.76 0.76
3062 22.03 88.06 0.76
3063 22.11 88.37 0.77
3064 22.18 88.66 0.77
3065 22.26 88.97 0.78
3066 22.34 89.28 0.79
3067 22.41 89.58 0.79
3068 22.48 89.85 0.80
3069 22.55 90.13 0.80
3070 22.62 90.43 0.81
3071 22.70 90.73 0.81
3072 22.76 91.00 0.82
3073 22.83 91.26 0.83
3074 22.90 91.54 0.83
3075 22.97 91.83 0.84
3076 23.03 92.08 0.84
3077 23.10 92.33 0.85
3078 23.16 92.60 0.85
3079 23.23 92.86 0.86
3080 23.29 93.10 0.86
3081 23.35 93.35 0.87
3082 23.41 93.59 0.87
3083 23.46 93.81 0.88
3084 23.52 94.03 0.88
3085 23.58 94.27 0.89
3086 23.63 94.50 0.89
3087 23.69 94.71 0.89
3088 23.74 94.92 0.90
3089 23.79 95.14 0.90
3090 23.85 95.37 0.91
3091 23.90 95.57 0.91
3092 23.95 95.76 0.92
3093 24.00 95.96 0.92
3094 24.04 96.14 0.92
3095 24.09 96.32 0.93
3096 24.13 96.51 0.93
3097 24.18 96.69 0.93
3098 24.22 96.85 0.94
3099 24.26 97.03 0.94
3100 24.30 97.19 0.94
3101 24.48 97.91 0.96
3102 24.52 98.06 0.96
3103 24.55 98.18 0.96
3104 24.58 98.32 0.97
3105 24.61 98.44 0.97
3106 24.64 98.56 0.97
3107 24.67 98.67 0.97
3108 24.70 98.78 0.98
3109 24.73 98.90 0.98
3110 24.75 99.00 0.98
3111 24.77 99.09 0.98
3112 24.80 99.18 0.98
3113 24.82 99.27 0.99
3114 24.84 99.35 0.99
3115 24.86 99.42 0.99
3116 24.87 99.49 0.99
3117 24.89 99.56 0.99
3118 24.91 99.62 0.99
3119 24.92 99.68 0.99
3120 24.94 99.74 0.99
3121 24.95 99.79 1.00
3122 24.96 99.83 1.00
3123 24.97 99.87 1.00
3124 24.98 99.90 1.00
3125 24.98 99.93 1.00
3126 24.99 99.95 1.00
3127 24.99 99.97 1.00
3128 25.00 99.99 1.00
3129 25.00 100.00 1.00
3130 25.00 100.00 1.00
3131 25.00 100.00 1.00
3132 25.00 100.00 1.00
3133 25.00 100.00 1.00
3134 25.00 100.00 1.00
3135 25.00 100.00 1.00
3136 25.00 100.00 1.00
3137 25.00 100.00 1.00
3138 25.00 100.00 1.00
3139 25.00 100.00 1.00
3140 25.00 100.00 1.00
3141 25.00 100.00 1.00
3142 25.00 100.00 1.00
3143 25.00 100.00 1.00
3144 25.00 100.00 1.00
3145 25.00 100.00 1.00
3146 25.00 100.00 1.00
3147 25.00 100.00 1.00
3148 25.00 100.00 1.00
3149 25.00 100.00 1.00
3150 25.00 100.00 1.00
3151 25.00 100.00 1.00
3152 25.00 100.00 1.00
3153 25.00 100.00 1.00
3154 25.00 100.00 1.00
3155 25.00 100.00 1.00
3156 25.00 100.00 1.00
3157 25.00 100.00 1.00
3158 25.00 100.00 1.00
3159 25.00 100.00 1.00
3160 25.00 100.00 1.00
3161 25.00 100.00 1.00
3162 25.00 100.00 1.00
3163 25.00 100.00 1.00
3164 25.00 100.00 1.00
3165 25.00 100.00 1.00
3166 25.00 100.00 1.00
3167 25.00 100.00 1.00
3168 25.00 100.00 1.00
3169 25.00 100.00 1.00
3170 25.00 100.00 1.00
3171 25.00 100.00 1.00
3172 25.00 100.00 1.00
3173 25.00 100.00 1.00
3174 25.00 100.00 1.00
3175 25.00 100.00 1.00
3176 25.00 100.00 1.00
3177 25.00 100.00 1.00
3178 25.00 100.00 1.00
3179 25.00 100.00 1.00
3180 25.00 100.00 1.00
3181 25.00 100.00 1.00
3182 25.00 100.00 1.00
3183 25.00 100.00 1.00
3184 25.00 100.00 1.00
3185 25.00 100.00 1.00
3186 25.00 100.00 1.00
3187 25.00 100.00 1.00
3188 25.00 100.00 1.00
3189 25.00 100.00 1.00
3190 25.00 100.00 1.00
3191 25.00 100.00 1.00
3192 25.00 100.00 1.00
3193 25.00 100.00 1.00
3194 25.00 100.00 1.00
3195 25.00 100.00 1.00
3196 25.00 100.00 1.00
3197 25.00 100.00 1.00
3198 25.00 100.00 1.00
3199 25.00 100.00 1.00
3200 25.00 100.00 1.00
3201 25.00 100.00 1.00
3202 25.00 100.00 1.00
3203 25.00 100.00 1.00
3204 25.00 100.00 1.00
3205 25.00 100.00 1.00
3206 25.00 100.00 1.00
3207 25.00 100.00 1.00
3208 25.00 100.00 1.00
3209 25.00 100.00 1.00
3210 25.00 100.00 1.00
3211 25.00 100.00 1.00
3212 25.00 100.00 1.00
3213 25.00 100.00 1.00
3214 25.00 100.00 1.00
3215 25.00 100.00 1.00
3216 25.00 100.00 1.00
3217 25.00 100.00 1.00
3218 25.00 100.00 1.00
3219 25.00 100.00 1.00
3220 25.00 100.00 1.00
3221 25.00 100.00 1.00
3222 25.00 100.00 1.00
3223 25.00 100.00 1.00
3224 25.00 100.00 1.00
3225 25.00 100.00 1.00
3226 25.00 100.00 1.00
3227 25.00 100.00 1.00
3228 25.00 100.00 1.00
3229 25.00 100.00 1.00
3230 25.00 100.00 1.00
3231 25.00 100.00 1.00
3232 25.00 100.00 1.00
3233 25.00 100.00 1.00
3234 25.00 100.00 1.00
3235 25.00 100.00 1.00
3236 25.00 100.00 1.00
3237 25.00 100.00 1.00
3238 25.00 100.00 1.00
3239 25.00 100.00 1.00
3240 25.00 100.00 1.00
3241 25.00 100.00 1.00
3242 25.00 100.00 1.00
3243 25.00 100.00 1.00
3244 25.00 100.00 1.00
3245 25.00 100.00 1.00
3246 25.00 100.00 1.00
3247 25.00 100.00 1.00
3248 25.00 100.00 1.00
3249 25.00 100.00 1.00
3250 25.00 100.00 1.00
3251 25.00 100.00 1.00
3252 25.00 100.00 1.00
3253 25.00 100.00 1.00
3254 25.00 100.00 1.00
3255 25.00 100.00 1.00
3256 25.00 100.00 1.00
3257 25.00 100.00 1.00
3258 25.00 100.00 1.00
3259 25.00 100.00 1.00
3260 25.00 100.00 1.00
3261 25.00 100.00 1.00
3262 25.00 100.00 1.00
3263 25.00 100.00 1.00
3264 25.00 100.00 1.00
3265 25.00 100.00 1.00
3266 25.00 100.00 1.00
3267 25.00 100.00 1.00
3268 25.00 100.00 1.00
3269 25.00 100.00 1.00
3270 25.00 100.00 1.00
3271 25.00 100.00 1.00
3272 25.00 100.00 1.00
3273 25.00 100.00 1.00
3274 25.00 100.00 1.00
3275 25.00 100.00 1.00
3276 25.00 100.00 1.00
3277 25.00 100.00 1.00
3278 25.00 100.00 1.00
3279 25.00 100.00 1.00
3280 25.00 100.00 1.00
3281 25.00 100.00 1.00
3282 25.00 100.00 1.00
3283 25.00 100.00 1.00
3284 25.00 100.00 1.00
3285 25.00 100.00 1.00
3286 25.00 100.00 1.00
3287 25.00 100.00 1.00
3288 25.00 100.00 1.00
3289 25.00 100.00 1.00
3290 25.00 100.00 1.00
3291 25.00 100.00 1.00
3292 25.00 100.00 1.00
3293 25.00 100.00 1.00
3294 25.00 100.00 1.00
3295 25.00 100.00 1.00
3296 25.00 100.00 1.00
3297 25.00 100.00 1.00
3298 25.00 100.00 1.00
3299 25.00 100.00 1.00
3300 25.00 100.00 1.00
3301 25.00 100.00 1.00
3302 25.00 100.00 1.00
3303 25.00 100.00 1.00
3304 25.00 100.00 1.00
3305 25.00 100.00 1.00
3306 25.00 100.00 1.00
3307 25.00 100.00 1.00
3308 25.00 100.00 1.00
3309 25.00 100.00 1.00
3310 25.00 100.00 1.00
3311 25.00 100.00 1.00
3312 25.00 100.00 1.00
3313 25.00 100.00 1.00
3314 25.00 100.00 1.00
3315 25.00 100.00 1.00
3316 25.00 100.00 1.00
3317 25.00 100.00 1.00
3318 25.00 100.00 1.00
3319 25.00 100.00 1.00
3320 25.00 100.00 1.00
3321 25.00 100.00 1.00
3322 25.00 100.00 1.00
3323 25.00 100.00 1.00
3324 25.00 100.00 1.00
3325 25.00 100.00 1.00
3326 25.00 100.00 1.00
3327 25.00 100.00 1.00
3328 25.00 100.00 1.00
3329 25.00 100.00 1.00
3330 25.00 100.00 1.00
3331 25.00 100.00 1.00
3332 25.00 100.00 1.00
3333 25.00 100.00 1.00
3334 25.00 100.00 1.00
3335 25.00 100.00 1.00
3336 25.00 100.00 1.00
3337 25.00 100.00 1.00
3338 25.00 100.00 1.00
3339 25.00 100.00 1.00
3340 25.00 100.00 1.00
3341 25.00 100.00 1.00
3342 25.00 100.00 1.00
3343 25.00 100.00 1.00
3344 25.00 100.00 1.00
3345 25.00 100.00 1.00
3346 25.00 100.00 1.00
3347 25.00 100.00 1.00
3348 25.00 100.00 1.00
3349 25.00 100.00 1.00
3350 25.00 100.00 1.00
3351 25.00 100.00 1.00
3352 25.00 100.00 1.00
3353 25.00 100.00 1.00
3354 25.00 100.00 1.00
3355 25.00 100.00 1.00
3356 25.00 100.00 1.00
3357 25.00 100.00 1.00
3358 25.00 100.00 1.00
3359 25.00 100.00 1.00
3360 25.00 100.00 1.00
3361 25.00 100.00 1.00
3362 25.00 100.00 1.00
3363 25.00 100.00 1.00
3364 25.00 100.00 1.00
3365 25.00 100.00 1.00
3366 25.00 100.00 1.00
3367 25.00 100.00 1.00
3368 25.00 100.00 1.00
3369 25.00 100.00 1.00
3370 25.00 100.00 1.00
3371 25.00 100.00 1.00
3372 25.00 100.00 1.00
3373 25.00 100.00 1.00
3374 25.00 100.00 1.00
3375 25.00 100.00 1.00
3376 25.00 100.00 1.00
3377 25.00 100.00 1.00
3378 25.00 100.00 1.00
3379 25.00 100.00 1.00
3380 25.00 100.00 1.00
3381 25.00 100.00 1.00
3382 25.00 100.00 1.00
3383 25.00 100.00 1.00
3384 25.00 100.00 1.00
3385 25.00 100.00 1.00
3386 25.00 100.00 1.00
3387 25.00 100.00 1.00
3388 25.00 100.00 1.00
3389 25.00 100.00 1.00
3390 25.00 100.00 1.00
3391 25.00 100.00 1.00
3392 25.00 100.00 1.00
3393 25.00 100.00 1.00
3394 25.00 100.00 1.00
3395 25.00 100.00 1.00
3396 25.00 100.00 1.00
3397 25.00 100.00 1.00
3398 25.00 100.00 1.00
3399 25.00 100.00 1.00
3400 25.00 100.00 1.00
3401 25.00 100.00 1.00
3402 25.00 100.00 1.00
3403 25.00 100.00 1.00
3404 25.00 100.00 1.00
3405 25.00 100.00 1.00
3406 25.00 100.00 1.00
3407 25.00 100.00 1.00
3408 25.00 100.00 1.00
3409 25.00 100.00 1.00
3410 25.00 100.00 1.00
3411 25.00 100.00 1.00
3412 25.00 100.00 1.00
3413 25.00 100.00 1.00
3414 25.00 100.00 1.00
3415 25.00 100.00 1.00
3416 25.00 100.00 1.00
3417 25.00 100.00 1.00
3418 25.00 100.00 1.00
3419 25.00 100.00 1.00
3420 25.00 100.00 1.00
3421 25.00 100.00 1.00
3422 25.00 100.00 1.00
3423 25.00 100.00 1.00
3424 25.00 100.00 1.00
3425 25.00 100.00 1.00
3426 25.00 100.00 1.00
3427 25.00 100.00 1.00
3428 25.00 100.00 1.00
3429 25.00 100.00 1.00
3430 25.00 100.00 1.00
3431 25.00 100.00 1.00
3432 25.00 100.00 1.00
3433 25.00 100.00 1.00
3434 25.00 100.00 1.00
3435 25.00 100.00 1.00
3436 25.00 100.00 1.00
3437 25.00 100.00 1.00
3438 25.00 100.00 1.00
3439 25.00 100.00 1.00
3440 25.00 100.00 1.00
3441 25.00 100.00 1.00
3442 25.00 100.00 1.00
3443 25.00 100.00 1.00
3444 25.00 100.00 1.00
3445 25.00 100.00 1.00
3446 25.00 100.00 1.00
3447 25.00 100.00 1.00
3448 25.00 100.00 1.00
3449 25.00 100.00 1.00
3450 25.00 100.00 1.00
3451 25.00 100.00 1.00
3452 25.00 100.00 1.00
3453 25.00 100.00 1.00
3454 25.00 100.00 1.00
3455 25.00 100.00 1.00
3456 25.00 100.00 1.00
3457 25.00 100.00 1.00
3458 25.00 100.00 1.00
3459 25.00 100.00 1.00
3460 25.00 100.00 1.00
3461 25.00 100.00 1.00
3462 25.00 100.00 1.00
3463 25.00 100.00 1.00
3464 25.00 100.00 1.00
3465 25.00 100.00 1.00
3466 25.00 100.00 1.00
3467 25.00 100.00 1.00
3468 25.00 100.00 1.00
3469 25.00 100.00 1.00
3470 25.00 100.00 1.00
3471 25.00 100.00 1.00
3472 25.00 100.00 1.00
3473 25.00 100.00 1.00
3474 25.00 100.00 1.00
3475 25.00 100.00 1.00
3476 25.00 100.00 1.00
3477 25.00 100.00 1.00
3478 25.00 100.00 1.00
3479 25.00 100.00 1.00
3480 25.00 100.00 1.00
3481 25.00 100.00 1.00
3482 25.00 100.00 1.00
3483 25.00 100.00 1.00
3484 25.00 100.00 1.00
3485 25.00 100.00 1.00
3486 25.00 100.00 1.00
3487 25.00 100.00 1.00
3488 25.00 100.00 1.00
3489 25.00 100.00 1.00
3490 25.00 100.00 1.00
3491 25.00 100.00 1.00
3492 25.00 100.00 1.00
3493 25.00 100.00 1.00
3494 25.00 100.00 1.00
3495 25.00 100.00 1.00
3496 25.00 100.00 1.00
3497 25.00 100.00 1.00
3498 25.00 100.00 1.00
3499 25.00 100.00 1.00
3500 25.00 100.00 1.00
3501 25.00 100.00 1.00
3502 25.00 100.00 1.00
3503 25.00 100.00 1.00
3504 25.00 100.00 1.00
3505 25.00 100.00 1.00
3506 25.00 100.00 1.00
3507 25.00 100.00 1.00
3508 25.00 100.00 1.00
3509 25.00 100.00 1.00
3510 25.00 100.00 1.00
3511 25.00 100.00 1.00
3512 25.00 100.00 1.00
3513 25.00 100.00 1.00
3514 25.00 100.00 1.00
3515 25.00 100.00 1.00
3516 25.00 100.00 1.00
3517 25.00 100.00 1.00
3518 25.00 100.00 1.00
3519 25.00 100.00 1.00
3520 25.00 100.00 1.00
3521 25.00 100.00 1.00
3522 25.00 100.00 1.00
3523 25.00 100.00 1.00
3524 25.00 100.00 1.00
3525 25.00 100.00 1.00
3526 25.00 100.00 1.00
3527 25.00 100.00 1.00
3528 25.00 100.00 1.00
3529 25.00 100.00 1.00
3530 25.00 100.00 1.00
3531 25.00 100.00 1.00
3532 25.00 100.00 1.00
3533 25.00 100.00 1.00
3534 25.00 100.00 1.00
3535 25.00 100.00 1.00
3536 25.00 100.00 1.00
3537 25.00 100.00 1.00
3538 25.00 100.00 1.00
3539 25.00 100.00 1.00
3540 25.00 100.00 1.00
3541 25.00 100.00 1.00
3542 25.00 100.00 1.00
3543 25.00 100.00 1.00
3544 25.00 100.00 1.00
3545 25.00 100.00 1.00
3546 25.00 100.00 1.00
3547 25.00 100.00 1.00
3548 25.00 100.00 1.00
3549 25.00 100.00 1.00
3550 25.00 100.00 1.00
3551 25.00 100.00 1.00
3552 25.00 100.00 1.00
3553 25.00 100.00 1.00
3554 25.00 100.00 1.00
3555 25.00 100.00 1.00
3556 25.00 100.00 1.00
3557 25.00 100.00 1.00
3558 25.00 100.00 1.00
3559 25.00 100.00 1.00
3560 25.00 100.00 1.00
3561 25.00 100.00 1.00
3562 25.00 100.00 1.00
3563 25.00 100.00 1.00
3564 25.00 100.00 1.00
3565 25.00 100.00 1.00
3566 25.00 100.00 1.00
3567 25.00 100.00 1.00
3568 25.00 100.00 1.00
3569 25.00 100.00 1.00
3570 25.00 100.00 1.00
3571 25.00 100.00 1.00
3572 25.00 100.00 1.00
3573 25.00 100.00 1.00
3574 25.00 100.00 1.00
3575 25.00 100.00 1.00
3576 25.00 100.00 1.00
3577 25.00 100.00 1.00
3578 25.00 100.00 1.00
3579 25.00 100.00 1.00
3580 25.00 100.00 1.00
3581 25.00 100.00 1.00
3582 25.00 100.00 1.00
3583 25.00 100.00 1.00
3584 25.00 100.00 1.00
3585 25.00 100.00 1.00
3586 25.00 100.00 1.00
3587 25.00 100.00 1.00
3588 25.00 100.00 1.00
3589 25.00 100.00 1.00
3590 25.00 100.00 1.00
3591 25.00 100.00 1.00
3592 25.00 100.00 1.00
3593 25.00 100.00 1.00
3594 25.00 100.00 1.00
3595 25.00 100.00 1.00
3596 25.00 100.00 1.00
3597 25.00 100.00 1.00
3598 25.00 100.00 1.00
3599 25.00 100.00 1.00
3600 25.00 100.00 1.00
3601 25.00 100.00 1.00
3602 25.00 100.00 1.00
3603 25.00 100.00 1.00
3604 25.00 100.00 1.00
3605 25.00 100.00 1.00
3606 25.00 100.00 1.00
3607 25.00 100.00 1.00
3608 25.00 100.00 1.00
3609 25.00 100.00 1.00
3610 25.00 100.00 1.00
3611 25.00 100.00 1.00
3612 25.00 100.00 1.00
3613 25.00 100.00 1.00
3614 25.00 100.00 1.00
3615 25.00 100.00 1.00
3616 25.00 100.00 1.00
3617 25.00 100.00 1.00
3618 25.00 100.00 1.00
3619 25.00 100.00 1.00
3620 25.00 100.00 1.00
3621 25.00 100.00 1.00
3622 25.00 100.00 1.00
3623 25.00 100.00 1.00
3624 25.00 100.00 1.00
3625 25.00 100.00 1.00
3626 25.00 100.00 1.00
3627 25.00 100.00 1.00
3628 25.00 100.00 1.00
3629 25.00 100.00 1.00
3630 25.00 100.00 1.00
3631 25.00 100.00 1.00
3632 25.00 100.00 1.00
3633 25.00 100.00 1.00
3634 25.00 100.00 1.00
3635 25.00 100.00 1.00
3636 25.00 100.00 1.00
3637 25.00 100.00 1.00
3638 25.00 100.00 1.00
3639 25.00 100.00 1.00
3640 25.00 100.00 1.00
3641 25.00 100.00 1.00
3642 25.00 100.00 1.00
3643 25.00 100.00 1.00
3644 25.00 100.00 1.00
3645 25.00 100.00 1.00
3646 25.00 100.00 1.00
3647 25.00 100.00 1.00
3648 25.00 100.00 1.00
3649 25.00 100.00 1.00
3650 25.00 100.00 1.00
3651 25.00 100.00 1.00
3652 25.00 100.00 1.00
3653 25.00 100.00 1.00
3654 25.00 100.00 1.00
3655 25.00 100.00 1.00
3656 25.00 100.00 1.00
3657 25.00 100.00 1.00
3658 25.00 100.00 1.00
3659 25.00 100.00 1.00
3660 25.00 100.00 1.00
3661 25.00 100.00 1.00
3662 25.00 100.00 1.00
3663 25.00 100.00 1.00
3664 25.00 100.00 1.00
3665 25.00 100.00 1.00
3666 25.00 100.00 1.00
3667 25.00 100.00 1.00
3668 25.00 100.00 1.00
3669 25.00 100.00 1.00
3670 25.00 100.00 1.00
3671 25.00 100.00 1.00
3672 25.00 100.00 1.00
3673 25.00 100.00 1.00
3674 25.00 100.00 1.00
3675 25.00 100.00 1.00
3676 25.00 100.00 1.00
3677 25.00 100.00 1.00
3678 25.00 100.00 1.00
3679 25.00 100.00 1.00
3680 25.00 100.00 1.00
3681 25.00 100.00 1.00
3682 25.00 100.00 1.00
3683 25.00 100.00 1.00
3684 25.00 100.00 1.00
3685 25.00 100.00 1.00
3686 25.00 100.00 1.00
3687 25.00 100.00 1.00
3688 25.00 100.00 1.00
3689 25.00 100.00 1.00
3690 25.00 100.00 1.00
3691 25.00 100.00 1.00
3692 25.00 100.00 1.00
3693 25.00 100.00 1.00
3694 25.00 100.00 1.00
3695 25.00 100.00 1.00
3696 25.00 100.00 1.00
3697 25.00 100.00 1.00
3698 25.00 100.00 1.00
3699 25.00 100.00 1.00
3700 25.00 100.00 1.00
3701 25.00 100.00 1.00
3702 25.00 100.00 1.00
3703 25.00 100.00 1.00
3704 25.00 100.00 1.00
3705 25.00 100.00 1.00
3706 25.00 100.00 1.00
3707 25.00 100.00 1.00
3708 25.00 100.00 1.00
3709 25.00 100.00 1.00
3710 25.00 100.00 1.00
3711 25.00 100.00 1.00
3712 25.00 100.00 1.00
3713 25.00 100.00 1.00
3714 25.00 100.00 1.00
3715 25.00 100.00 1.00
3716 25.00 100.00 1.00
3717 25.00 100.00 1.00
3718 25.00 100.00 1.00
3719 25.00 100.00 1.00
3720 25.00 100.00 1.00
3721 25.00 100.00 1.00
3722 25.00 100.00 1.00
3723 25.00 100.00 1.00
3724 25.00 100.00 1.00
3725 25.00 100.00 1.00
3726 25.00 100.00 1.00
3727 25.00 100.00 1.00
3728 25.00 100.00 1.00
3729 25.00 100.00 1.00
3730 25.00 100.00 1.00
3731 25.00 100.00 1.00
3732 25.00 100.00 1.00
3733 25.00 100.00 1.00
3734 25.00 100.00 1.00
3735 25.00 100.00 1.00
3736 25.00 100.00 1.00
3737 25.00 100.00 1.00
3738 25.00 100.00 1.00
3739 25.00 100.00 1.00
3740 25.00 100.00 1.00
3741 25.00 100.00 1.00
3742 25.00 100.00 1.00
3743 25.00 100.00 1.00
3744 25.00 100.00 1.00
3745 25.00 100.00 1.00
3746 25.00 100.00 1.00
3747 25.00 100.00 1.00
3748 25.00 100.00 1.00
3749 25.00 100.00 1.00
3750 25.00 100.00 1.00
3751 25.00 100.00 1.00
3752 25.00 100.00 1.00
3753 25.00 100.00 1.00
3754 25.00 100.00 1.00
3755 25.00 100.00 1.00
3756 25.00 100.00 1.00
3757 25.00 100.00 1.00
3758 25.00 100.00 1.00
3759 25.00 100.00 1.00
3760 25.00 100.00 1.00
3761 25.00 100.00 1.00
3762 25.00 100.00 1.00
3763 25.00 100.00 1.00
3764 25.00 100.00 1.00
3765 25.00 100.00 1.00
3766 25.00 100.00 1.00
3767 25.00 100.00 1.00
3768 25.00 100.00 1.00
3769 25.00 100.00 1.00
3770 25.00 100.00 1.00
3771 25.00 100.00 1.00
3772 25.00 100.00 1.00
3773 25.00 100.00 1.00
3774 25.00 100.00 1.00
3775 25.00 100.00 1.00
3776 25.00 100.00 1.00
3777 25.00 100.00 1.00
3778 25.00 100.00 1.00
3779 25.00 100.00 1.00
3780 25.00 100.00 1.00
3781 25.00 100.00 1.00
3782 25.00 100.00 1.00
3783 25.00 100.00 1.00
3784 25.00 100.00 1.00
3785 25.00 100.00 1.00
3786 25.00 100.00 1.00
3787 25.00 100.00 1.00
3788 25.00 100.00 1.00
3789 25.00 100.00 1.00
3790 25.00 100.00 1.00
3791 25.00 100.00 1.00
3792 25.00 100.00 1.00
3793 25.00 100.00 1.00
3794 25.00 100.00 1.00
3795 25.00 100.00 1.00
3796 25.00 100.00 1.00
3797 25.00 100.00 1.00
3798 25.00 100.00 1.00
3799 25.00 100.00 1.00
3800 25.00 100.00 1.00
3801 25.00 100.00 1.00
3802 25.00 100.00 1.00
3803 25.00 100.00 1.00
3804 25.00 100.00 1.00
3805 25.00 100.00 1.00
3806 25.00 100.00 1.00
3807 25.00 100.00 1.00
3808 25.00 100.00 1.00
3809 25.00 100.00 1.00
3810 25.00 100.00 1.00
3811 25.00 100.00 1.00
3812 25.00 100.00 1.00
3813 25.00 100.00 1.00
3814 25.00 100.00 1.00
3815 25.00 100.00 1.00
3816 25.00 100.00 1.00
3817 25.00 100.00 1.00
3818 25.00 100.00 1.00
3819 25.00 100.00 1.00
3820 25.00 100.00 1.00
3821 25.00 100.00 1.00
3822 25.00 100.00 1.00
3823 25.00 100.00 1.00
3824 25.00 100.00 1.00
3825 25.00 100.00 1.00
3826 25.00 100.00 1.00
3827 25.00 100.00 1.00
3828 25.00 100.00 1.00
3829 25.00 100.00 1.00
3830 25.00 100.00 1.00
3831 25.00 100.00 1.00
3832 25.00 100.00 1.00
3833 25.00 100.00 1.00
3834 25.00 100.00 1.00
3835 25.00 100.00 1.00
3836 25.00 100.00 1.00
3837 25.00 100.00 1.00
3838 25.00 100.00 1.00
3839 25.00 100.00 1.00
3840 25.00 100.00 1.00
3841 25.00 100.00 1.00
3842 25.00 100.00 1.00
3843 25.00 100.00 1.00
3844 25.00 100.00 1.00
3845 25.00 100.00 1.00
3846 25.00 100.00 1.00
3847 25.00 100.00 1.00
3848 25.00 100.00 1.00
3849 25.00 100.00 1.00
3850 25.00 100.00 1.00
3851 25.00 100.00 1.00
3852 25.00 100.00 1.00
3853 25.00 100.00 1.00
3854 25.00 100.00 1.00
3855 25.00 100.00 1.00
3856 25.00 100.00 1.00
3857 25.00 100.00 1.00
3858 25.00 100.00 1.00
3859 25.00 100.00 1.00
3860 25.00 100.00 1.00
3861 25.00 100.00 1.00
3862 25.00 100.00 1.00
3863 25.00 100.00 1.00
3864 25.00 100.00 1.00
3865 25.00 100.00 1.00
3866 25.00 100.00 1.00
3867 25.00 100.00 1.00
3868 25.00 100.00 1.00
3869 25.00 100.00 1.00
3870 25.00 100.00 1.00
3871 25.00 100.00 1.00
3872 25.00 100.00 1.00
3873 25.00 100.00 1.00
3874 25.00 100.00 1.00
3875 25.00 100.00 1.00
3876 25.00 100.00 1.00
3877 25.00 100.00 1.00
3878 25.00 100.00 1.00
3879 25.00 100.00 1.00
3880 25.00 100.00 1.00
3881 25.00 100.00 1.00
3882 25.00 100.00 1.00
3883 25.00 100.00 1.00
3884 25.00 100.00 1.00
3885 25.00 100.00 1.00
3886 25.00 100.00 1.00
3887 25.00 100.00 1.00
3888 25.00 100.00 1.00
3889 25.00 100.00 1.00
3890 25.00 100.00 1.00
3891 25.00 100.00 1.00
3892 25.00 100.00 1.00
3893 25.00 100.00 1.00
3894 25.00 100.00 1.00
3895 25.00 100.00 1.00
3896 25.00 100.00 1.00
3897 25.00 100.00 1.00
3898 25.00 100.00 1.00
3899 25.00 100.00 1.00
3900 25.00 100.00 1.00
3901 25.00 100.00 1.00
3902 25.00 100.00 1.00
3903 25.00 100.00 1.00
3904 25.00 100.00 1.00
3905 25.00 100.00 1.00
3906 25.00 100.00 1.00
3907 25.00 100.00 1.00
3908 25.00 100.00 1.00
3909 25.00 100.00 1.00
3910 25.00 100.00 1.00
3911 25.00 100.00 1.00
3912 25.00 100.00 1.00
3913 25.00 100.00 1.00
3914 25.00 100.00 1.00
3915 25.00 100.00 1.00
3916 25.00 100.00 1.00
3917 25.00 100.00 1.00
3918 25.00 100.00 1.00
3919 25.00 100.00 1.00
3920 25.00 100.00 1.00
3921 25.00 100.00 1.00
3922 25.00 100.00 1.00
3923 25.00 100.00 1.00
3924 25.00 100.00 1.00
3925 25.00 100.00 1.00
3926 25.00 100.00 1.00
3927 25.00 100.00 1.00
3928 25.00 100.00 1.00
3929 25.00 100.00 1.00
3930 25.00 100.00 1.00
3931 25.00 100.00 1.00
3932 25.00 100.00 1.00
3933 25.00 100.00 1.00
3934 25.00 100.00 1.00
3935 25.00 100.00 1.00
3936 25.00 100.00 1.00
3937 25.00 100.00 1.00
3938 25.00 100.00 1.00
3939 25.00 100.00 1.00
3940 25.00 100.00 1.00
3941 25.00 100.00 1.00
3942 25.00 100.00 1.00
3943 25.00 100.00 1.00
3944 25.00 100.00 1.00
3945 25.00 100.00 1.00
3946 25.00 100.00 1.00
3947 25.00 100.00 1.00
3948 25.00 100.00 1.00
3949 25.00 100.00 1.00
3950 25.00 100.00 1.00
3951 25.00 100.00 1.00
3952 25.00 100.00 1.00
3953 25.00 100.00 1.00
3954 25.00 100.00 1.00
3955 25.00 100.00 1.00
3956 25.00 100.00 1.00
3957 25.00 100.00 1.00
3958 25.00 100.00 1.00
3959 25.00 100.00 1.00
3960 25.00 100.00 1.00
3961 25.00 100.00 1.00
3962 25.00 100.00 1.00
3963 25.00 100.00 1.00
3964 25.00 100.00 1.00
3965 25.00 100.00 1.00
3966 25.00 100.00 1.00
3967 25.00 100.00 1.00
3968 25.00 100.00 1.00
3969 25.00 100.00 1.00
3970 25.00 100.00 1.00
3971 25.00 100.00 1.00
3972 25.00 100.00 1.00
3973 25.00 100.00 1.00
3974 25.00 100.00 1.00
3975 25.00 100.00 1.00
3976 25.00 100.00 1.00
3977 25.00 100.00 1.00
3978 25.00 100.00 1.00
3979 25.00 100.00 1.00
3980 25.00 100.00 1.00
3981 25.00 100.00 1.00
3982 25.00 100.00 1.00
3983 25.00 100.00 1.00
3984 25.00 100.00 1.00
3985 25.00 100.00 1.00
3986 25.00 100.00 1.00
3987 25.00 100.00 1.00
3988 25.00 100.00 1.00
3989 25.00 100.00 1.00
3990 25.00 100.00 1.00
3991 25.00 100.00 1.00
3992 25.00 100.00 1.00
3993 25.00 100.00 1.00
3994 25.00 100.00 1.00
3995 25.00 100.00 1.00
3996 25.00 100.00 1.00
3997 25.00 100.00 1.00
3998 25.00 100.00 1.00
3999 25.00 100.00 1.00
4000 25.00 100.00 1.00
4001 25.00 100.00 1.00
4002 25.00 100.00 1.00
4003 25.00 100.00 1.00
4004 25.00 100.00 1.00
4005 25.00 100.00 1.00
4006 25.00 100.00 1.00
4007 25.00 100.00 1.00
4008 25.00 100.00 1.00
4009 25.00 100.00 1.00
4010 25.00 100.00 1.00
4011 25.00 100.00 1.00
4012 25.00 100.00 1.00
4013 25.00 100.00 1.00
4014 25.00 100.00 1.00
4015 25.00 100.00 1.00
4016 25.00 100.00 1.00
4017 25.00 100.00 1.00
4018 25.00 100.00 1.00
4019 25.00 100.00 1.00
4020 25.00 100.00 1.00
4021 25.00 100.00 1.00
4022 25.00 100.00 1.00
4023 25.00 100.00 1.00
4024 25.00 100.00 1.00
4025 25.00 100.00 1.00
4026 25.00 100.00 1.00
4027 25.00 100.00 1.00
4028 25.00 100.00 1.00
4029 25.00 100.00 1.00
4030 25.00 100.00 1.00
4031 25.00 100.00 1.00
4032 25.00 100.00 1.00
4033 25.00 100.00 1.00
4034 25.00 100.00 1.00
4035 25.00 100.00 1.00
4036 25.00 100.00 1.00
4037 25.00 100.00 1.00
4038 25.00 100.00 1.00
4039 25.00 100.00 1.00
4040 25.00 100.00 1.00
4041 25.00 100.00 1.00
4042 25.00 100.00 1.00
4043 25.00 100.00 1.00
4044 25.00 100.00 1.00
4045 25.00 100.00 1.00
4046 25.00 100.00 1.00
4047 25.00 100.00 1.00
4048 25.00 100.00 1.00
4049 25.00 100.00 1.00
4050 25.00 100.00 1.00
4051 25.00 100.00 1.00
4052 25.00 100.00 1.00
4053 25.00 100.00 1.00
4054 25.00 100.00 1.00
4055 25.00 100.00 1.00
4056 25.00 100.00 1.00
4057 25.00 100.00 1.00
4058 25.00 100.00 1.00
4059 25.00 100.00 1.00
4060 25.00 100.00 1.00
4061 25.00 100.00 1.00
4062 25.00 100.00 1.00
4063 25.00 100.00 1.00
4064 25.00 100.00 1.00
4065 25.00 100.00 1.00
4066 25.00 100.00 1.00
4067 25.00 100.00 1.00
4068 25.00 100.00 1.00
4069 25.00 100.00 1.00
4070 25.00 100.00 1.00
4071 25.00 100.00 1.00
4072 25.00 100.00 1.00
4073 25.00 100.00 1.00
4074 25.00 100.00 1.00
4075 25.00 100.00 1.00
4076 25.00 100.00 1.00
4077 25.00 100.00 1.00
4078 25.00 100.00 1.00
4079 25.00 100.00 1.00
4080 25.00 100.00 1.00
4081 25.00 100.00 1.00
4082 25.00 100.00 1.00
4083 25.00 100.00 1.00
4084 25.00 100.00 1.00
4085 25.00 100.00 1.00
4086 25.00 100.00 1.00
4087 25.00 100.00 1.00
4088 25.00 100.00 1.00
4089 25.00 100.00 1.00
4090 25.00 100.00 1.00
4091 25.00 100.00 1.00
4092 25.00 100.00 1.00
4093 25.00 100.00 1.00
4094 25.00 100.00 1.00
4095 25.00 100.00 1.00
4096 25.00 100.00 1.00
4097 25.00 100.00 1.00
4098 25.00 100.00 1.00
4099 25.00 100.00 1.00
4100 25.00 100.00 1.00
4101 25.00 100.00 1.00
4102 25.00 100.00 1.00
4103 25.00 100.00 1.00
4104 25.00 100.00 1.00
4105 25.00 100.00 1.00
4106 25.00 100.00 1.00
4107 25.00 100.00 1.00
4108 25.00 100.00 1.00
4109 25.00 100.00 1.00
4110 25.00 100.00 1.00
4111 25.00 100.00 1.00
4112 25.00 100.00 1.00
4113 25.00 100.00 1.00
4114 25.00 100.00 1.00
4115 25.00 100.00 1.00
4116 25.00 100.00 1.00
4117 25.00 100.00 1.00
4118 25.00 100.00 1.00
4119 25.00 100.00 1.00
4120 25.00 100.00 1.00
4121 25.00 100.00 1.00
4122 25.00 100.00 1.00
4123 25.00 100.00 1.00
4124 25.00 100.00 1.00
4125 25.00 100.00 1.00
4126 25.00 100.00 1.00
4127 25.00 100.00 1.00
4128 25.00 100.00 1.00
4129 25.00 100.00 1.00
4130 25.00 100.00 1.00
4131 25.00 100.00 1.00
4132 25.00 100.00 1.00
4133 25.00 100.00 1.00
4134 25.00 100.00 1.00
4135 25.00 100.00 1.00
4136 25.00 100.00 1.00
4137 25.00 100.00 1.00
4138 25.00 100.00 1.00
4139 25.00 100.00 1.00
4140 25.00 100.00 1.00
4141 25.00 100.00 1.00
4142 25.00 100.00 1.00
4143 25.00 100.00 1.00
4144 25.00 100.00 1.00
4145 25.00 100.00 1.00
4146 25.00 100.00 1.00
4147 25.00 100.00 1.00
4148 25.00 100.00 1.00
4149 25.00 100.00 1.00
4150 25.00 100.00 1.00
4151 25.00 100.00 1.00
4152 25.00 100.00 1.00
4153 25.00 100.00 1.00
4154 25.00 100.00 1.00
4155 25.00 100.00 1.00
4156 25.00 100.00 1.00
4157 25.00 100.00 1.00
4158 25.00 100.00 1.00
4159 25.00 100.00 1.00
4160 25.00 100.00 1.00
4161 25.00 100.00 1.00
4162 25.00 100.00 1.00
4163 25.00 100.00 1.00
4164 25.00 100.00 1.00
4165 25.00 100.00 1.00
4166 25.00 100.00 1.00
4167 25.00 100.00 1.00
4168 25.00 100.00 1.00
4169 25.00 100.00 1.00
4170 25.00 100.00 1.00
4171 25.00 100.00 1.00
4172 25.00 100.00 1.00
4173 25.00 100.00 1.00
4174 25.00 100.00 1.00
4175 25.00 100.00 1.00
4176 25.00 100.00 1.00
4177 25.00 100.00 1.00
4178 25.00 100.00 1.00
4179 25.00 100.00 1.00
4180 25.00 100.00 1.00
4181 25.00 100.00 1.00
4182 25.00 100.00 1.00
4183 25.00 100.00 1.00
4184 25.00 100.00 1.00
4185 25.00 100.00 1.00
4186 25.00 100.00 1.00
4187 25.00 100.00 1.00
4188 25.00 100.00 1.00
4189 25.00 100.00 1.00
4190 25.00 100.00 1.00
4191 25.00 100.00 1.00
4192 25.00 100.00 1.00
4193 25.00 100.00 1.00
4194 25.00 100.00 1.00
4195 25.00 100.00 1.00
4196 25.00 100.00 1.00
4197 25.00 100.00 1.00
4198 25.00 100.00 1.00
4199 25.00 100.00 1.00
4200 25.00 100.00 1.00
4201 25.00 100.00 1.00
4202 25.00 100.00 1.00
4203 25.00 100.00 1.00
4204 25.00 100.00 1.00
4205 25.00 100.00 1.00
4206 25.00 100.00 1.00
4207 25.00 100.00 1.00
4208 25.00 100.00 1.00
4209 25.00 100.00 1.00
4210 25.00 100.00 1.00
4211 25.00 100.00 1.00
4212 25.00 100.00 1.00
4213 25.00 100.00 1.00
4214 25.00 100.00 1.00
4215 25.00 100.00 1.00
4216 25.00 100.00 1.00
4217 25.00 100.00 1.00
4218 25.00 100.00 1.00
4219 25.00 100.00 1.00
4220 25.00 100.00 1.00
4221 25.00 100.00 1.00
4222 25.00 100.00 1.00
4223 25.00 100.00 1.00
4224 25.00 100.00 1.00
4225 25.00 100.00 1.00
4226 25.00 100.00 1.00
4227 25.00 100.00 1.00
4228 25.00 100.00 1.00
4229 25.00 100.00 1.00
4230 25.00 100.00 1.00
4231 25.00 100.00 1.00
4232 25.00 100.00 1.00
4233 25.00 100.00 1.00
4234 25.00 100.00 1.00
4235 25.00 100.00 1.00
4236 25.00 100.00 1.00
4237 25.00 100.00 1.00
4238 25.00 100.00 1.00
4239 25.00 100.00 1.00
4240 25.00 100.00 1.00
4241 25.00 100.00 1.00
4242 25.00 100.00 1.00
4243 25.00 100.00 1.00
4244 25.00 100.00 1.00
4245 25.00 100.00 1.00
4246 25.00 100.00 1.00
4247 25.00 100.00 1.00
4248 25.00 100.00 1.00
4249 25.00 100.00 1.00
4250 25.00 100.00 1.00
4251 25.00 100.00 1.00
4252 25.00 100.00 1.00
4253 25.00 100.00 1.00
4254 25.00 100.00 1.00
4255 25.00 100.00 1.00
4256 25.00 100.00 1.00
4257 25.00 100.00 1.00
4258 25.00 100.00 1.00
4259 25.00 100.00 1.00
4260 25.00 100.00 1.00
4261 25.00 100.00 1.00
4262 25.00 100.00 1.00
4263 25.00 100.00 1.00
4264 25.00 100.00 1.00
4265 25.00 100.00 1.00
4266 25.00 100.00 1.00
4267 25.00 100.00 1.00
4268 25.00 100.00 1.00
4269 25.00 100.00 1.00
4270 25.00 100.00 1.00
4271 25.00 100.00 1.00
4272 25.00 100.00 1.00
4273 25.00 100.00 1.00
4274 25.00 100.00 1.00
4275 25.00 100.00 1.00
4276 25.00 100.00 1.00
4277 25.00 100.00 1.00
4278 25.00 100.00 1.00
4279 25.00 100.00 1.00
4280 25.00 100.00 1.00
4281 25.00 100.00 1.00
4282 25.00 100.00 1.00
4283 25.00 100.00 1.00
4284 25.00 100.00 1.00
4285 25.00 100.00 1.00
4286 25.00 100.00 1.00
4287 25.00 100.00 1.00
4288 25.00 100.00 1.00
4289 25.00 100.00 1.00
4290 25.00 100.00 1.00
4291 25.00 100.00 1.00
4292 25.00 100.00 1.00
4293 25.00 100.00 1.00
4294 25.00 100.00 1.00
4295 25.00 100.00 1.00
4296 25.00 100.00 1.00
4297 25.00 100.00 1.00
4298 25.00 100.00 1.00
4299 25.00 100.00 1.00
4300 25.00 100.00 1.00
4301 25.00 100.00 1.00
4302 25.00 100.00 1.00
4303 25.00 100.00 1.00
4304 25.00 100.00 1.00
4305 25.00 100.00 1.00
4306 25.00 100.00 1.00
4307 25.00 100.00 1.00
4308 25.00 100.00 1.00
4309 25.00 100.00 1.00
4310 25.00 100.00 1.00
4311 25.00 100.00 1.00
4312 25.00 100.00 1.00
4313 25.00 100.00 1.00
4314 25.00 100.00 1.00
4315 25.00 100.00 1.00
4316 25.00 100.00 1.00
4317 25.00 100.00 1.00
4318 25.00 100.00 1.00
4319 25.00 100.00 1.00
4320 25.00 100.00 1.00
4321 25.00 100.00 1.00
4322 25.00 100.00 1.00
4323 25.00 100.00 1.00
4324 25.00 100.00 1.00
4325 25.00 100.00 1.00
4326 25.00 100.00 1.00
4327 25.00 100.00 1.00
4328 25.00 100.00 1.00
4329 25.00 100.00 1.00
4330 25.00 100.00 1.00
4331 25.00 100.00 1.00
4332 25.00 100.00 1.00
4333 25.00 100.00 1.00
4334 25.00 100.00 1.00
4335 25.00 100.00 1.00
4336 25.00 100.00 1.00
4337 25.00 100.00 1.00
4338 25.00 100.00 1.00
4339 25.00 100.00 1.00
4340 25.00 100.00 1.00
4341 25.00 100.00 1.00
4342 25.00 100.00 1.00
4343 25.00 100.00 1.00
4344 25.00 100.00 1.00
4345 25.00 100.00 1.00
4346 25.00 100.00 1.00
4347 25.00 100.00 1.00
4348 25.00 100.00 1.00
4349 25.00 100.00 1.00
4350 25.00 100.00 1.00
4351 25.00 100.00 1.00
4352 25.00 100.00 1.00
4353 25.00 100.00 1.00
4354 25.00 100.00 1.00
4355 25.00 100.00 1.00
4356 25.00 100.00 1.00
4357 25.00 100.00 1.00
4358 25.00 100.00 1.00
4359 25.00 100.00 1.00
4360 25.00 100.00 1.00
4361 25.00 100.00 1.00
4362 25.00 100.00 1.00
4363 25.00 100.00 1.00
4364 25.00 100.00 1.00
4365 25.00 100.00 1.00
4366 25.00 100.00 1.00
4367 25.00 100.00 1.00
4368 25.00 100.00 1.00
4369 25.00 100.00 1.00
4370 25.00 100.00 1.00
4371 25.00 100.00 1.00
4372 25.00 100.00 1.00
4373 25.00 100.00 1.00
4374 25.00 100.00 1.00
4375 25.00 100.00 1.00
4376 25.00 100.00 1.00
4377 25.00 100.00 1.00
4378 25.00 100.00 1.00
4379 25.00 100.00 1.00
4380 25.00 100.00 1.00
4381 25.00 100.00 1.00
4382 25.00 100.00 1.00
4383 25.00 100.00 1.00
4384 25.00 100.00 1.00
4385 25.00 100.00 1.00
4386 25.00 100.00 1.00
4387 25.00 100.00 1.00
4388 25.00 100.00 1.00
4389 25.00 100.00 1.00
4390 25.00 100.00 1.00
4391 25.00 100.00 1.00
4392 25.00 100.00 1.00
4393 25.00 100.00 1.00
4394 25.00 100.00 1.00
4395 25.00 100.00 1.00
4396 25.00 100.00 1.00
4397 25.00 100.00 1.00
4398 25.00 100.00 1.00
4399 25.00 100.00 1.00
4400 25.00 100.00 1.00
4401 25.00 100.00 1.00
4402 25.00 100.00 1.00
4403 25.00 100.00 1.00
4404 25.00 100.00 1.00
4405 25.00 100.00 1.00
4406 25.00 100.00 1.00
4407 25.00 100.00 1.00
4408 25.00 100.00 1.00
4409 25.00 100.00 1.00
4410 25.00 100.00 1.00
4411 25.00 100.00 1.00
4412 25.00 100.00 1.00
4413 25.00 100.00 1.00
4414 25.00 100.00 1.00
4415 25.00 100.00 1.00
4416 25.00 100.00 1.00
4417 25.00 100.00 1.00
4418 25.00 100.00 1.00
4419 25.00 100.00 1.00
4420 25.00 100.00 1.00
4421 25.00 100.00 1.00
4422 25.00 100.00 1.00
4423 25.00 100.00 1.00
4424 25.00 100.00 1.00
4425 25.00 100.00 1.00
4426 25.00 100.00 1.00
4427 25.00 100.00 1.00
4428 25.00 100.00 1.00
4429 25.00 100.00 1.00
4430 25.00 100.00 1.00
4431 25.00 100.00 1.00
4432 25.00 100.00 1.00
4433 25.00 100.00 1.00
4434 25.00 100.00 1.00
4435 25.00 100.00 1.00
4436 25.00 100.00 1.00
4437 25.00 100.00 1.00
4438 25.00 100.00 1.00
4439 25.00 100.00 1.00
4440 25.00 100.00 1.00
4441 25.00 100.00 1.00
4442 25.00 100.00 1.00
4443 25.00 100.00 1.00
4444 25.00 100.00 1.00
4445 25.00 100.00 1.00
4446 25.00 100.00 1.00
4447 25.00 100.00 1.00
4448 25.00 100.00 1.00
4449 25.00 100.00 1.00
4450 25.00 100.00 1.00
4451 25.00 100.00 1.00
4452 25.00 100.00 1.00
4453 25.00 100.00 1.00
4454 25.00 100.00 1.00
4455 25.00 100.00 1.00
4456 25.00 100.00 1.00
4457 25.00 100.00 1.00
4458 25.00 100.00 1.00
4459 25.00 100.00 1.00
4460 25.00 100.00 1.00
4461 25.00 100.00 1.00
4462 25.00 100.00 1.00
4463 25.00 100.00 1.00
4464 25.00 100.00 1.00
4465 25.00 100.00 1.00
4466 25.00 100.00 1.00
4467 25.00 100.00 1.00
4468 25.00 100.00 1.00
4469 25.00 100.00 1.00
4470 25.00 100.00 1.00
4471 25.00 100.00 1.00
4472 25.00 100.00 1.00
4473 25.00 100.00 1.00
4474 25.00 100.00 1.00
4475 25.00 100.00 1.00
4476 25.00 100.00 1.00
4477 25.00 100.00 1.00
4478 25.00 100.00 1.00
4479 25.00 100.00 1.00
4480 25.00 100.00 1.00
4481 25.00 100.00 1.00
4482 25.00 100.00 1.00
4483 25.00 100.00 1.00
4484 25.00 100.00 1.00
4485 25.00 100.00 1.00
4486 25.00 100.00 1.00
4487 25.00 100.00 1.00
4488 25.00 100.00 1.00
4489 25.00 100.00 1.00
4490 25.00 100.00 1.00
4491 25.00 100.00 1.00
4492 25.00 100.00 1.00
4493 25.00 100.00 1.00
4494 25.00 100.00 1.00
4495 25.00 100.00 1.00
4496 25.00 100.00 1.00
4497 25.00 100.00 1.00
4498 25.00 100.00 1.00
4499 25.00 100.00 1.00
4500 25.00 100.00 1.00
4501 25.00 100.00 1.00
4502 25.00 100.00 1.00
4503 25.00 100.00 1.00
4504 25.00 100.00 1.00
4505 25.00 100.00 1.00
4506 25.00 100.00 1.00
4507 25.00 100.00 1.00
4508 25.00 100.00 1.00
4509 25.00 100.00 1.00
4510 25.00 100.00 1.00
4511 25.00 100.00 1.00
4512 25.00 100.00 1.00
4513 25.00 100.00 1.00
4514 25.00 100.00 1.00
4515 25.00 100.00 1.00
4516 25.00 100.00 1.00
4517 25.00 100.00 1.00
4518 25.00 100.00 1.00
4519 25.00 100.00 1.00
4520 25.00 100.00 1.00
4521 25.00 100.00 1.00
4522 25.00 100.00 1.00
4523 25.00 100.00 1.00
4524 25.00 100.00 1.00
4525 25.00 100.00 1.00
4526 25.00 100.00 1.00
4527 25.00 100.00 1.00
4528 25.00 100.00 1.00
4529 25.00 100.00 1.00
4530 25.00 100.00 1.00
4531 25.00 100.00 1.00
4532 25.00 100.00 1.00
4533 25.00 100.00 1.00
4534 25.00 100.00 1.00
4535 25.00 100.00 1.00
4536 25.00 100.00 1.00
4537 25.00 100.00 1.00
4538 25.00 100.00 1.00
4539 25.00 100.00 1.00
4540 25.00 100.00 1.00
4541 25.00 100.00 1.00
4542 25.00 100.00 1.00
4543 25.00 100.00 1.00
4544 25.00 100.00 1.00
4545 25.00 100.00 1.00
4546 25.00 100.00 1.00
4547 25.00 100.00 1.00
4548 25.00 100.00 1.00
4549 25.00 100.00 1.00
4550 25.00 100.00 1.00
4551 25.00 100.00 1.00
4552 25.00 100.00 1.00
4553 25.00 100.00 1.00
4554 25.00 100.00 1.00
4555 25.00 100.00 1.00
4556 25.00 100.00 1.00
4557 25.00 100.00 1.00
4558 25.00 100.00 1.00
4559 25.00 100.00 1.00
4560 25.00 100.00 1.00
4561 25.00 100.00 1.00
4562 25.00 100.00 1.00
4563 25.00 100.00 1.00
4564 25.00 100.00 1.00
4565 25.00 100.00 1.00
4566 25.00 100.00 1.00
4567 25.00 100.00 1.00
4568 25.00 100.00 1.00
4569 25.00 100.00 1.00
4570 25.00 100.00 1.00
4571 25.00 100.00 1.00
4572 25.00 100.00 1.00
4573 25.00 100.00 1.00
4574 25.00 100.00 1.00
4575 25.00 100.00 1.00
4576 25.00 100.00 1.00
4577 25.00 100.00 1.00
4578 25.00 100.00 1.00
4579 25.00 100.00 1.00
4580 25.00 100.00 1.00
4581 25.00 100.00 1.00
4582 25.00 100.00 1.00
4583 25.00 100.00 1.00
4584 25.00 100.00 1.00
4585 25.00 100.00 1.00
4586 25.00 100.00 1.00
4587 25.00 100.00 1.00
4588 25.00 100.00 1.00
4589 25.00 100.00 1.00
4590 25.00 100.00 1.00
4591 25.00 100.00 1.00
4592 25.00 100.00 1.00
4593 25.00 100.00 1.00
4594 25.00 100.00 1.00
4595 25.00 100.00 1.00
4596 25.00 100.00 1.00
4597 25.00 100.00 1.00
4598 25.00 100.00 1.00
4599 25.00 100.00 1.00
4600 25.00 100.00 1.00
4601 25.00 100.00 1.00
4602 25.00 100.00 1.00
4603 25.00 100.00 1.00
4604 25.00 100.00 1.00
4605 25.00 100.00 1.00
4606 25.00 100.00 1.00
4607 25.00 100.00 1.00
4608 25.00 100.00 1.00
4609 25.00 100.00 1.00
4610 25.00 100.00 1.00
4611 25.00 100.00 1.00
4612 25.00 100.00 1.00
4613 25.00 100.00 1.00
4614 25.00 100.00 1.00
4615 25.00 100.00 1.00
4616 25.00 100.00 1.00
4617 25.00 100.00 1.00
4618 25.00 100.00 1.00
4619 25.00 100.00 1.00
4620 25.00 100.00 1.00
4621 25.00 100.00 1.00
4622 25.00 100.00 1.00
4623 25.00 100.00 1.00
4624 25.00 100.00 1.00
4625 25.00 100.00 1.00
4626 25.00 100.00 1.00
4627 25.00 100.00 1.00
4628 25.00 100.00 1.00
4629 25.00 100.00 1.00
4630 25.00 100.00 1.00
4631 25.00 100.00 1.00
4632 25.00 100.00 1.00
4633 25.00 100.00 1.00
4634 25.00 100.00 1.00
4635 25.00 100.00 1.00
4636 25.00 100.00 1.00
4637 25.00 100.00 1.00
4638 25.00 100.00 1.00
4639 25.00 100.00 1.00
4640 25.00 100.00 1.00
4641 25.00 100.00 1.00
4642 25.00 100.00 1.00
4643 25.00 100.00 1.00
4644 25.00 100.00 1.00
4645 25.00 100.00 1.00
4646 25.00 100.00 1.00
4647 25.00 100.00 1.00
4648 25.00 100.00 1.00
4649 25.00 100.00 1.00
4650 25.00 100.00 1.00
4651 25.00 100.00 1.00
4652 25.00 100.00 1.00
4653 25.00 100.00 1.00
4654 25.00 100.00 1.00
4655 25.00 100.00 1.00
4656 25.00 100.00 1.00
4657 25.00 100.00 1.00
4658 25.00 100.00 1.00
